0901
0902
0903
0904
1
10039
10040
10041
10042
10048
10049
10050
10051
10052
10053
10054
10057
10058
10066
10089
10089c01
10090
10091
10092
10095
10124
10126
10127
10128
10128p01c01
10130
10130c01
10131
10132
10134
10152
10154
10169
10178
10197
10199
10202
10247
10288
10305
10350
10350c01
10351
10352
10352c01
10353
10354
10354c01
10355
10361
10509
10661
108
10825
10907
10907c01
10908
10a
10b
110
11002
11010
11013
11014
11016
11025
11026
11030
11032
11033
11034
11035
11036
11089
11090
11091
11092
11097
11100
11125
11127
11140
11142
11143
11145
11147
11177
11178
11186
112
11202
11202p01c01
11202p04c01
11203
11208
11211
11212
11213
11214
11215
11233
11235
11236
11237
11244
11244p01c01
11244p04c01
11245
11252
11253
11256
11267
11272
11289
11290
11295
11303
11303c01
11399
11455
11458
11459
11476
11477
11478
11568
11598
11605
11609
11610
11618
11767
11833
11946
11947
11949
11950
11953
11954
11955
11957
122c01
122c02
125
125c01
126
127
12782
12787
12799
127c01-f1
127c01-f2
128
12825
12884
12884c01
12885
12889
12897
129
12939
13252
13269
13392
13459
13547
13548
13549
13564
13571
13665
13754
13756
13760
13760c01
13760c02
13787
13788
13789
13790
13793
13808
13952
13965
14045
14149
14295
14413
14417
14418
14419
14520
14704
14707
14716
14718
14719
14720
14734
14769
15
15038
15068
15070
15071
15092
15100
15108
15208
15209
15254
15279
15284
15301
15302
15303
15332
15361
15391
15391c01
15391c02
15392
15395
15397
15400
15400c01
15413
15427
15429
15439
15443
15444
15457
15458
15459
15462
15466
15466c01
15466c02
15466p01c01
15466p01c02
15470
15501
15522
15523
15524
15526
15527
15529
15530
15533
15535
15540
15571
15573
15623
15624
15672
15673
15675
15677
15680
15680c01
15706
15712
15790
164
164c01
16529
16529p01c01
16577
16599
166
16709
16770
16820
17
170
170c01
171
17114
172
173
17485
17486
17630
181
182
18200
182c01
183
184
18450
185
18575
185c01
185c02
186
18646
18649
18653
18654
18671
18674
18677
187
18746
18759
187c01
188
18838
18854
18892
189
18910
18922
18938
18939
18940
18945
18947
18948
18972
18973
18974
18975
18976
18978a
18979a
18980
18986
189c01
19065
19068
19079
19118
19119
19119c01
19119c02
19121
19203
19204
19215
19727
19729
2
20
20309
2038
20380
20380p01c01
20380p02c01
2039
2040
2041
2044
2044c01
2045
2046
20482
20684
208
20835
20841
20842
20844
209
21
210
21229
21269
2131
21445
2145
2146
2146c01
21490
21972
21980
22119
22296
22385
22387
22388
22392
22410
22461
22463
22484
22578
22579
22667
22885
22886
22888
22889
22890
22900
2291
2296
22961
22969
22969c01
22969c02
22977
22994
2300
2301
2302
2332
2335
2337
2338
2339
23397
2340
23405
2341
2342
2343
2344
23443
2345
2346
2347
2348a
2348b
2349a
2349b
2350a
2350b
2350c
2350d
2351
2352
2356
2357
2358
2359
2360
2361
2362a
2362b
2372
2372c01
2373
2374
2375
2376
2377
23816
23930
23949
23950
23969
2397
2400
2401
24014
24078
2408
24085
2409
24119
2412a
2412b
2413
24131
2415
24151
2417
2418a
2418b
2419
242
2420
24201
2421
2422
2423
2424
24246
24248
2425
2426
2426c01
2426c02
2427
2428
2429
24299
2429c01
242c01
243
2430
24307
24309
2431
24316
2432
24326
2433
2434
2435
2436a
2436b
2437
2439
243c01
243c02
244
2440
2441
2443
2444
24445
2445
2446
2447
2448
2449
245
2450
2452
2453a
2453b
2454
2456
2458
24593
24599
245c01
245c02
2460
24607
2462
2463
2464
2465
2466
2467
2468
2470
2475
2476a
2476b
2479
2483
2484
2484c01
2485
2486
2488
2488c01
2489
2490
2493a
2493b
2494
24947
2495
2495c01
2496
2497
2498
250
2500
2500c01
2507
2508
2513
2515a
2515b
2516
2518
251c01
25214
2524
2525
2526
2527
2527c01
2528
2529
2530
2531
2532
2533
2533c01
2534
2535
2535c01
2536
2536c01
2537
2538
2539
2540
2541
2542
2543
2544
2544c01
2545
2546
2547a
2547ac01
2547b
2547bc01
2548
2549
2550
2550c01
2550c02
2552
2554
2555
2556
2557
2557c01
2558
2559
2559c01
2560
2561
2562
2563
2564
2566
2570
2571
2572
2573
2574
2577
2578a
2578b
2579
2580
2580c01
2582
2583
2584
2585
2586
25866c02
2587
2588
25893
2593
2596
2598
2599
2599c01
26047
2605
2605c01
2606
2607
2609a
2610
2614
2617
2618
2619
2620
2621
2622
2623
2625
2626
2627
26287
263
2634c01
2634c02
2635
2636
2638
2639
2641
2642
2650
2651
2651c01
2651c02
2653
2655
26597
26599
265a
265ac01
265b
265bc01
26601
26603
26604
2662
266a
266ac01
266b
266bc01
266bc02
2670
2671
2672
2677
2678
267a
267b
268
2680
2681
2682
2683
2684
2684c01
2685
2686
2686c01
2687
2688
269
2694
2695
2696
2697
2698
2698c01
2699
270
2700
2701
2702
2703
2704
2705
2706
2707
2708
2709
270c01
270c02
271
2710
2712
2713
2714
2716
2717
272
2723
27255
2726
27263
2726c01
2726c02
2726c03
2727a
2727ac01
2727b
2727bc01
273
2736
2737
2738
2739a
2741
2742
2743
2744
2745
27507
2757
276
276c01
277
2771
2772
2772c01
2773
2774
2775
2775c01
2780
2790a
2792
27928
2793
27938
2793c01
2793c02
27940
2795
2796
2797
2797c01
2797c02
2798
2799
27a
27ac01
27b
27bc01
27c
27cc01
280
2804
2807
280c01
281
2815
2817
2819
2823
2826
28326
2837b
2838
2838c01
2839a
2840
2841
2842
2842c01
2842c02
2843
2844
2845
2846
2847
2847c01
2849
285
2850
2851
2855
2857
285c01
286
28614
2864
2864c01
2865
2866
2868
2869
2869c01
2869c02
287
2870
2871a
2871b
2873
2874
2875
2876
2877
2878
2878c01
2878c02
2879
288
2883
2884
2890
2891
2892
2893
2894
2894c01
2895
290
2902
2903
2905
2906
2908
2909
2910
2911
29119
2912
29120
2913
2913c01
2917
2918
2919
2920
2921
2922a
2922b
2923
2924a
2924b
2926
2927
2928
2928c01
2928c02
2941
2942
2943
2944
2947
2950
2951
2952
2959
2959c01
2972
2976
2976c01
2977
2977c01
2978
2979
2980
2980c01
2982
2982c01
2983
2984
2985
2986c01
2989
2991
2994
2995
2996
2996c01
2997
2998
2999
29a
29ac01
29b
29bc01
29c
29cc01
3
30000
30007
3001
30014
30016
30018
3002
30027a
30027b
30028
30029
3003
30030
30031
30033
30034
30035
30036
30037
3004
30041
30042
30043
30044
30045
30046
30047
30048
3005
30055
30056
3006
30062
3007
30072
30073
30074
30076
30077
30078
30079
3008
30080b
30081
30082
30083
30084
30086
30087
30088
30089
3009
30090
30091
30092
30093
30094
30095
30099
3010
30100
30101
30102
30103
30104
30105
30106
30109
3011
30110
30112b
30113
30114
30114c01
30115
30116
30117
30118
30119
30120
30121
30126
30127
30129
30132
30133
30134
30135
30136
30137
30138
30139
30140
30141
30144
30145
30147
30148
30149
30150
30151
30152
30153
30154
30155
30156
30157
30158
30158a
30158b
30158c
30158c01
30158d
30159
30161
30162
30163
30164
30165
30167
30168a
30168b
30169
30170
30171
30171c01
30172
30173a
30173b
30174
30175
30175c01
30176
30177
30178
30178c01
30179
30180
30181
30182
30183
30185
30185c01
30185c02
30185c03
30185c04
30185c05
30186
30187
30187c01
30187c02
30187c03
30187c04
30188
30189
30189c01
30190
30190c01
30192
30193
30194
30195
30198
3020
30200
30201
30208
30209
3021
30211
30212
30213
30219
3022
30222
30223
30224
30225b
30228
30229
3023
30231
30235
30236
30237
30238
30239
3024
30240
30242
30245
30246
30248
30249
30250
30251
30255
30256
30258
30259
3026
30260
30261
30262
30263
30264
3027
30271
30272
30273
30274
30275
30277
30278
30278c01
3028
30283
30284
30285
30286
30287
30288
3029
30292a
30292b
30294c01
30295
30296
30299
303
3030
30300
30303
30304
3031
3032
30321
30324
30325
3033
30332
30338
30339
3034
30340
30342
30343
30343c01
30343c02
30345
3035
30350a
30350b
30350c
30355
30356
30357
30358
30359a
30359b
3036
30360
30361a
30361d
30362
30362a
30363
30364
30365
30366
30367a
30367b
30367c
30368
30369
3037
30370
30372
30373
30374
30375
30375cs0
30376
30377
30378
3038
30381
30383
30384
30385
30386
30387
30388
30389a
30389b
3039
30390
30391
30394
30395
30396
30398
30399
303c01
304
30400
30401
30402
30407
30408
30409
3040a
3040b
3041
30413
30414
3042
3043
3044a
3044b
3045
30456
30459
3046
30460
30460c01
30461
30461c01
30462
30463
30464
30472
30473
30475
30477
30478
30480
30483
30485
30489
3048a
3048b
30492
30497
3049a
3049b
3049c
304c01
304c02
304c03
304c04
304c05
304c06
304c07
304c08
30503
30504
30505
30516
30517
30518
30520
30526
30528
30529
30529c01
30530
30535
30536
30540
30541
30552
30553
30554a
30554b
30562
30565
30586
3058a
3058b
30592
30601
30602
30603
30608
30613
30614
30619
30621
30622
30624
30626
3062a
3062b
30633
30637
30639
3063a
3063b
30640
30640c01
30642
30644
30646
30647
30648
3065
3066
30663
3067a
3067b
3068a
3068b
3069a
3069b
3069bph
3069bpi
3070a
3070b
308
3081a
3081ac01
3081b
3081bc01
3081c
3081cc01
3082
3087a
3087ac01
3087b
3087bc01
3087c
3087cc01
309
30925
31000
31021
31043
31074
3109
3110
3111
31110
31111
3112
31148
31149
3127a
3127b
313
3134
3135
3135c01
3136
3137
3137c01
3137c02
3139
31465
3149d
3149dc01
3149e
3149ec01
314d
314e
316
31622
31623
31625
317
3176
318
3183a
3183b
3183c
3184
3185
3186
3187
3188
3189
3190
3191
3192a
3193a
3194
3195
31a
31ac01
31b
31bc01
31c
31cc01
32001
32002
32003
32004b
32004bc01
32005
32007
32009
32012
32013
32014
32015
32016
32017
32018
32019
32020
32021
32021p01c01
32021p01c02
32022
32023
32024
32028
32029
32030
32031
32032
32039
32040
32051
32052
32053
32056
32059
32060
32062
32064a
32064b
32065
32067
32068
32072
32073
32074
32074c01
32075
32077
32078
32079
32080
32083
32086
32087
32089
32090
32104
32104c01
32109
32116
32123a
32124
32125
32126
32133
32134
32137
32140
32146
32165
32166
32167
32170
32172
32173
32174
32175
32177
3218
32180
32181
32181c01
32181c02
32181c04
32182
32183
32183c01
32184
32187
32190
32191
32193
32195a
32195b
32196
32197
32199
322
32200
32201
32202
32203
32204
32205
32206
32207
32208
32209
32210
32211
32212
32213
32214
32216
32218
32219
32220
32221
32227
32228
32229
32230
32242
32246
32247
32248
32250
32251
32269
32270
32271
32273
32274
32276
32276c01
32276c02
32277
32278
32282
32283
32283c01
3228a
3228ac01
3228ac02
3228b
3228bc01
3228bc02
32290
32291
32293
32294
32296
32298
3229a
3229ac01
3229ac04
3229b
3229bc01
3229bc04
322c01
322c02
323
32307
32308
3230a
3230b
32316
3231a
3231b
32324
32333
32339
32340
32341
32342
32342c01
32344
32345
32346
32348
3240a
3240b
3240bc01
3240bc02
3240c
3241a
3241ac01
3241ac04
3241b
32449
3245a
3245b
3245c
32475
32494
32495
32495c01
32496
32498
32523
32524
32525
32526
32527
32528
32530
32531
32532
32534
32535
32551
32552
32556
32557
32558
32576
32803
32932
32952
3297
3298
3299
32a
32ac01
32b
32bc01
32c
32cc01
3300
33009
33009c01
33025
33031
33031c01
33048
33048c01
33051
33054
33057
33061
3307
33078
3308
33085
33120
33121
33122
33125
3314
3315
3317
33172
33172c01
33172c02
33183
332
33207
33211
33212
33215
33227
33243
3324d
3324dc01
3324e
3324ec01
3326a
3326b
33286
33287
33291
33299
33303
33320
33322
3334
334
3349
335
3350
3351a
3351b
3358
3359
335c01-f1
335c01-f2
336
337
33909
33a
33ac01
33b
33bc01
33c
33cc01
3403
3403c01
3404
3404b
3404bc01
3404bc02
3404c
3404cc01
3404cc02
3404d
3404dc01
3404dc02
3404e
3404ec01
3404ec02
34103
342
3429
342c01
343
3430
3430c00
3430c01
3430c02
3433
3437
3443
3455
3456
3460
3461
3462
3464
3470
3471
3474
3475a
3475b
3479
3480
3481
3482
3483
3488
3491
3492
3492c01
3493
3497
35
3570
3579
3581
3582
3585
3586
3587
3596
3596cw1
3597
35b
36
3612
3613
3614
3622
3623
3624
3625
3626a
3626b
3626c
3629
3633
3634
3639
3640
3641
3644
3645
3647
3648a
3648b
3650a
3650b
3650c
3652
3659
3660
3664
3665
3666
367
3675
3676
3678a
3678b
3679
3680
3680c01
3684a
3684c
3685
3688
3700
3701
3702
3703
3704
3707
3708
3709a
3709b
3709c
3710
3712
3712c01
3713
3730
3731
3736
3737
3737c01
3738
3739
374
3740
3741
3741a
3741ac01
3741ac02
3741ac03
3741ac04
3741ac05
3741c01
3742
3743
3747a
3747b
3749
3754
3755
3761
3762
3778
3787
3788
3794a
3794b
3795
3808
3811
3815
3815c01
3815c02
3815c36
3816
3817
3818
3819
3820
3821
3822
3823
3828
3829a
3829c01
3830
3831
3832
3833
3834
3835
3836
3837
3838
3839a
3839b
384
3840
3841
3842a
3842b
3843
3844
3846
3847
3848
3849
385
3852a
3852b
3853
3854
3855a
3855b
3856
3857
3861
3865
3867
3873
3876
3878
3888a
3888ac01
3888ac02
3890
3890c01
3890c02
3890c03
3890c04
3890c05
3890c06
3890c07
3894
3895
3896
3897
3898
3899
3900
3901
3933
3934
3935
3936
3937
3938
3939
3940
3941
3942a
3942b
3942c
3943a
3943b
3947
3956
3958
3959
3962a
3962b
3963
397
3979
3980
3995
3996
3997
400
40001
4003
4003c01
4006
4022
4022c01
4022c02
4023
40232
40233
40234
40235
40239
4023c01
4023c02
40240
40241
40242
40243
40243c01
40244
40249
40251
40253
4032a
4032b
4033
40339
4033c01
4034
40340
4035
4035c01
4036
40375
40376
40377
40378
40379
40380
40381
40386
40391
40392
40394
40395
40396
40397
40490
40574
40574c01
40575
40576
4066a
4066b
4070
4071
4072
4075
4079
4081a
4081b
4082
4083
4084
4085a
4085b
4085c
4086
4088
40882
4089
40902
4091
4092a
4092b
4093a
4093b
4093c
4094a
4094b
4095
40996
4100545
4108
4108c01
412
4121
4130
4131
4132
4133
41334
4140643
4141
4142
4143
4150
4150c07
4151a
4151b
41529
41530
41532
41533
41539
4161
4162
41630
41659
41666
41669
4166a
4166b
41672
41678
4168
41680
41681
4169
4170
4170c01
4171
41749
4175
41750
41751
4176
41766
41769
41770
4178
4179
4180a
4180c01
4180c02
4181
4181c01
4182
4182c01
4183
41837
41838
4185
41854
41855
41856
41857
41858
4186
41861
41862
4187
41879a
41879b
41880
41881
41883
41893
41894
41894c01
41895
41896
41897
4198
4199
420
4201
4202
42022
42023
4204
4206
4207
42073
42073c01
4208
4209
42092
42093
421
42109
4210a
4211
42114
42114c01
42114c02
4212a
4212b
4213
4214
4215a
4215b
4216
4217
4218a
4218b
4219a
4219b
422
4220
4220a
4220b
4221
4222a
4223
42234
42235
42236
4228
42284
42288
4229
42291
4231
4234
4238
42409
42443
42444
42445
42446
42448
4247
425
42511
42511c01
4254
4255
4259
42590
42603
42604
42608
42610
4262
4263
42657
4265a
4265b
4266
4267
4268
42688
4273b
4275a
4275b
4276a
4276b
4282
4284
4286
42865
4287a
4287b
4287c
4288
4289
429
42908
42936
429c01
429c02
429c03
430
43085
43093
431
43121
43123
4315
4318
4319
4320
4323
4324
4325
4328
433
4332
4336
4337
43373
43374
433c01
433c02
4341
4342
4343
4343c01
4343c02
4344
43446
43447
43457
4345a
4345b
4346
43461
4347
4347c01
4349
4360
4362a
4362ac01
4363
43675
43702
43708
43710
43711
43719
43722
43723
43744
43745
43751
43802
43887
43888
43892
43894
43899
43900
44041
44042
44126
44136
44137
44225
4424
44292
44293
4430
44300
44301
44302
44308
44309
44336
44341
44342
44343
44350
44351
44352
44358
44359
44374
4438
4439
4440
4444
4445
4447
4448
4449
4449c01
4452
44556
44567
44568
44569
44570
44572
4459
4460a
4460b
4461
4463
44658
44658c01
44661
44670
44674
44675
44676
4469
44728
4474
4475
4476
4477
44771
44772
44775
4478
4479
44790
44799
4479a
44809
4482
44822
4483
44848
4485
44852
4486
4486c01
4486c02
4488
4489a
4489b
449
4490
4491a
4491b
4492
4493
4493c00
4494
4494c01
4495a
4495b
4496
4497
4498
4499
45
450
4503
4504
4505a
4506
4506c01
4507
4508
4509
451
4510
45106
4511
4512
4515
4517
4518a
4518b
4519
4522
4523
4524
4528
4529
4530
4531
4532
4533
45337
4534
4535
4536
45360
45360c01
45361
453a
453ac01
453b
453bc01
453c
453cc01
45410
45411
455
45522
45575
45590
45695
457
45705
45707
45708
458
45803
4587
4588
4589
458c01
4590
45907
4591
45917
45918
4592
4592c01
4593
4594
4595
4596
4597
4598
45982
459a
459b
4600
4607
4608
46103
4611
4612
4613
4613c01
4614
4614c01-f1
4614c01-f2
4615
4616a
4616ac01
4616b
4617a
4617b
4618
46212
46217
46218
46219
46220
46224
46224c01
46225
46226
46227
4623
4624
4625
4626
4627
4628
4629
4629c01
4629c02
46303
46305
46413
4663
46667
466a
466b
466c
466d
466e
4672a
4672b
4691
4692
4692c01
4694
4694c01-f1
4694c01-f2
4694c01-f3
4695
4697a
4697b
4700
4701
4706
4707
4707c01
4707c02
4707c03
47116
47117
47122
4713
4714
4715
47154
47154c01
47155
47156
47157
4719
4719c01
4720
47222
47223a
47223b
47223c
47224
47224c01
47224c02
4727
4728
4729
47296
4730
47300
47306
4732
4733
4735
4736
4737
47373-f1
47373-f2
47373-f3
47373-f4
4738a
4738b
4739
47397
47398
47405
47407
4741
4742
4743
47431
47432
4744
4745
47454
47455
47456
47457
47458
4746
4747
47474
4748
4750
47501
47506
47507
47508
4751
47545
4755
4758
476
4760
4760c01
4760p01c01
4761
4762
47674
47674c01
47675
47676
4767a
4768
4769
4770
47715
4771a
4772
47720
4773a
4774
4774c01
47758
4783
4784
47843
47844
47847
47855
4790
47905
4791
4792
4794b
4796
4796c01
47973
47974
47975
47990
47996
47998
48002a
48002b
48092
48093
48138
48147
48170
48172
48183
48201
4823
4823c01
4823c02
4824
48245
48245c01
48245c02
48287
48288
48310
48336
48411
4842
4844
48452
48457
48490
48493
48494
48495
48496
4854
4857
4859
4861
4862
4863
4864a
4864b
4865a
4865b
4866
4867
4868a
4868b
4869
4870
4871
4872
48723
48724
48729a
48729b
4873
4874
4874c01
4875
4876
48812
48912
48913
48914
48915
48917
48918
48918c01
48918c02
48918c03
48995
49059
4913
49465
49668
497a
497c01
499
499c01
501a
501ac01
501b
501bc01
501c
501cc01
502
50231
50254
50303
50304
50305
50384
50450
505
506
50687
50745
50747
50858
50859a
50859ac01
50859b
50859bc01
50860
50860c01
50861
50862
50862c01
50899
509
50901
50904
50921
50923
50925
50943
50944
50946
50947
50948
50949
50950
50951
50967
50986
510
51000
51011
511
511c01
512
51342
51377
51542
51595
51719
51739
518
51858
51874
519
519c01
52035
52035c01
52036
52037
52038
52040
52041
52107
522
52211
52501
52668
529
5292
5306
53400
53400c04
53401
53450
53450c01
53451
53452
53454
53457
53475
53543
53550
53586
53588
53787
53788
53788c01
53790
53791
53792
53793
53793c00
53793c01
539
53933
53981
53982
53984
53988
53989
54086
54087
54091
54092
54093
54094
54095
54097
54100
54101
54120
54200
54271
54275
54383
54384
54654c01
54701
54702
54703
54708
54712
54713
54714
54715
54715c01
54716
54717
54725
54725c01
54732
54732b
54734
54760
54779
54869
54872
54873
54923c01
54929
54929c01
54930
54931
55013
55205
55205c01
55206
55209
55295
55296
55297
55298
55299
55300
55423
556
55652
55704
55706
55707a
55707b
55707c
55707d
55707e
55804
55805
55806
55816
55817
559
55963
55964
55965
55966
55967
55968
55969
55970
55972
55973
55976
55978
55981
55982
559c01
560
561
56145
56145c01
561c01
562
56220
563
564
56467
56468
56474
56476
564c01
565
56554
56555
566
56630
567
568
56890
56891
56897
56898
569
56902
56903
56904
56904c01
56907
56908
56908c01
56908c02
57028a
57046b
57046c
57046d
572
57274
574
57467
575
57515
57518
57518c01
57525
57565
57587
57588
575c01
57719
57779
57783
57792
577b
577bc01
577bc02
577c01
577c02
57877
57877c01
57878
57894
57895
57899
57900
57901
57906
57908
57909
57915
58088
58090
581
58119
58120
58121
58122
58123
58124
58124c01
58124c02
58124c03
58125a
58125b
58132
58133
58134
58135
58136
58147
58148
58148p01c01
58149
58150
58176
58177
58181
58247
58367
58380
58381
586
586c01
58827
58846
59
59142
59143
59154
59155
592
59228
59229
59230
59231
59233
59349
59363
59365
59807
59895
59900
60
6002
6003
60032
60033
6005
6007
600880
60115
6014
6014c01
6014c02
6014c03
6015
6016
6019
6020
60208
6021
60212
60219
6023
6024
6025
6026
6026c01
6027
6028
6032
6035
6037
6039
6040
6041
6042
6043
6044
604547
604548
604549
604550
604551
604552
604553
6046
604614
604615
6047
60470a
60470b
60471
60474
60475a
60475b
60476
60477
60478
60479
6048
60481
60483
604a
604ac01
604b
604bc01
6050
6051
6051c01
6052
6053
6053c01
6054
6055
6056
6057
6058
60581
60583
6059
60592
60592c01
60593
60593c01
60594
60596
60598
60599
606
6060
60601
60602
60608
6061
60614
60616a
60616b
60621
60623
6063
6064
60640
60641
6065
60657
60658
60659
6066
6067
607
6070
6072
60747
60748
60749
6075
60750
60752
6079
60797c01
60797c02
60797c03
608
60800a
60800b
60806
60808
6081
6082
6083
6084
60849
6085
6086
6087
60897
609
6090
6091
6092
6093a
6099
610
6100
6104
6105
6106
61068
61069
6107
61070
61071
61072
61073
6108
611
61100
6111
6112
6117
6118
61183
61184
6119
61190a
61190b
61191
61196
61199
612
6120
6122
6122c01
6122c02
6123
6124
6125
61252
6126a
6126b
6127
6128
61287
6129
613
6130
6131
6132
6133
6134
61345
6135
6140
61403
61406
61409
6141
6143
6145
6148
61480
61481
61482
61483
61485
61485c01
61487
61506
61510
6152
61521
61522
61523
61524
6154
6155
6156
6157
6158
6159a
6159c01
6160a
6160c01
6160c02
6160c03
6160c04
6161
6162
6164
6165
6166
6167
61678
6168
6168a
6169
6177
6178
61780
6179
6180
61800
61801
6181
61810
6182
6183
6184
61856
6187
6190
61903
61904
61905
6191
6192
61927-f1
61927-f2
61929
6195
61975
61976
6199
6200
6202
6205
62113
6212
6214
6215
6216
6216m
6217
6219
6222
62271
62271c01
62272
62274
62274c01
62275
6228a
6231
6232
6233
6234
6235
6236
62360
62361
6237
6238a
6238b
6239
62469
6247
62470
62473
6248
6249
62497
62498
62498c01
62498c02
62500
62501
62501c01
62503
6251
62519
6252
62520
6253
62531
62537
6254
6255
6256
62576
6259
6260
6260c01
6261
6265
6266
6267
6269
62694
62696
62698k01
62698k02
62698k03
62700
62701
62711
62712
6272
62808
62810
62812
62821
62836
62837
62838
62840
62875
62930
630
63082
631
632
633
634
635
63521
63522
63523
636
6361
637
6377
63864
63868
63869
63871
6391
6394
63965
64022
64033
64034
6405
64051
64053
64056
64059
6406
64060
6413
64178
64227
64228
64276
643
64391
64394
644
64414
64415
64415c01
64417
64417c01
6442
64420
64422
64424
64424c01
64448
64449
64450
64451
64452
64453
64566
645a
645ac01
645b
645bc01
645c
645cc01
64644
64647
64648
64680
64681
64682
64683
646a
646ac01
646b
646bc01
646c
646cc01
647
64711
64712
64713
64727
64728
6474
6475
64767
64778
64779
64779c01
64780
64781
64782
64798
64799
648
64805
64835
64835c01
64847
64892
64893
64897
64898
64951
64991
650
6517
6518
652
6521
6522
652c01
653
6538a
6538b
654
6540a
6541
6546
6551
6552
6553
6554
6554c01
6556
6558
6567
6567c01
6567c02
6571
6573
6574
6578
6579
6580a
6580b
6581
6582
6583
6584
6585
6587
6592
6594
6595
6596
6625
6625c01
6625c02
6626
6628
6629
6630
6631
6632
6636
6637
6637a
6637b
6637c
6637d
6639
6641
670
671
678
679
6797
680
681
682
683
685
6851
685p01c01
6881a
6881b
691
692
6923
6934
699
70022
70023
70026
70038
70081
70081c01
70081c02
700a
700b
70163
702
70278
7039
70450a
70450b
7049a
7049b
7049c
70501a
70501b
70501c
70501d
70644
70720
70720c01
70864
709
70961
70978
710
71015
71075a
71076a
711
71122
71175
71177
71183
71184
71192
71194
712
713
71342
71372c01
71375
71379
71396p01c01
71427c01
715
71505
71551
71582
716
71819
71830
71861
71917
71923
71944
71946
71947
71949
71951
71952
71953
71958
71958c01
71972
71986
72039
72040
72156
723
72454
72475
72504
72632
72632c01
72632c02
727
72706
728
72824
72853
729
73071
73090a
73090b
731
73112
73129
733
73312
73435
73436
735
73590a
73590b
736
73664
73666
73696
73696c00
73696c01
73696c02
73696c03
73696c04
73697
73697c00
73697c01
73697c02
73697c03
73697c04
736c01
736c02
737
740
74013
74330
745
746
74650
74698
747
749
74981a
74981b
74982a
74982b
750
751
75174
75174c01
75174p01c01
752
753
75348
75349
753c01
753c02
75535
757
758
758c01
759
75902
75904
75937
75972
75974
75977
75979
760
76019
761
76110
76116
76138
762
76244
76250
76252
76254
76260
76263
76270
76276
76277
76279
76280
76281
76282
76283
76289
763
76307
76319
76324
76348
76385
76389
764
76421
76442
76442c01
76443
76443c01
765
76537
765c01
765c02
76607
76607c01
76608
76609
76610
766a
766c01
76764
76766
76768
768
769
77
772
776
777
778
779
780
781
782
783
784
785
786
787c01
787c02
787c03
787c04
787c05
789
79
790
791
792
792c01
792c02
792c03
793
7930
7930c01
794
795
799
8
80
800
801
802
803
804
805
80547
806
809
811
812
813
814
814c01-f1
814c01-f2
814c02-f1
814c02-f2
815
815c01
815c02
816
817
817c01
817c02
819
824
825
826
827
828
837
838
839
840
841
842
843
844
845
84599
846
84724
84725
84726
84727
84728
84746
84747
84748
84750
84751
84752
848
849
84954
850
85080
851
852
853
854
85489a
85489ac01
85489b
85543
85544
85651
85861
85863
85940
85941
85945
85947
85959
85970
85974
85975
85976
85976c02
85977
85983
85983c01
85984
86035
86038
861
861c01
861c02
86208
86210
862a
862ac01
862ac02
864
865
86500
86501
866
86652
866c01
866c04
867
868
870
87058
87079
87081
87082
87083
87084
87087
871
872
873
874
87408
87414
87421
87513
87515
87520
87544
87552
87559
87577
87580
87585
87601
87606
87609
87611
87612
87613
87614
87615
87616
87617
87618
87620
87621
87685
87686
87687
87688
87689
87690
87691
87692
87693
87694
87695
87696
87697
877
87747
87748
87751
87752
87754
87761
878
879
87913
87926
87944
87989
87991
87993
87994
87995
87997
87998
880
88000
88001
88067
88068
88072
881
88283
88284
88288
88289
88290
88292
88293
883
88393
884
88492
88493
88516
88517
88517c01
886
88646
88695
887
888
88811
88812
889
88930
889c01
89201
89509
89513
89522
89523
896
89648
89648c01
89648c02
89649
897
89762
89801
90194
90195
90201
90202
90258
90370
90386
90391p01
90395
90397
90398
90462a
90462b
90498
905
90508
90509
90540
905c01
906
90754
91049
911
91176
912
913
91347
914
91405
915
91501
918
91884
919
91988
919c01
920
92081
92088
92099
921
92107
92198
92198c01
92198p01c01
92198p01c02
92198p01c03
92198p01c04
92198p01c06
92198p01c07
92198p01c08
92198p01c09
92198p01c11
92198p01c12
92198p01c14
92198p02c01
92198p02c03
92198p02c04
92198p04c01
92198p04c02
92198p04c04
92198p04c05
92198p04c06
92198p05c01
92198p05c02
92198p05c03
92198p05c04
92198p05c05
92198p06c01
92198p07c01
92198p08c01
92198p08c02
92198p08c03
92198p08c04
92198p08c06
92198p08c07
92198p09c01
92198p09c02
92198p10c01
92198p10c02
92198p11c01
92198p12c01
922
92218
92220
92240
92240c01
92240p01c01
92241
92241p01c01
92241p18c01
92241p20c01
92241p22c01
92241p23c01
92242
92242p01c01
92243
92243p01c01
92244
92245
92246
92247
92248
92249
92249p01c01
92250
92250p01c01
92251
92251p01c01
92252
92252p01c01
92253
92253p01c01
92254
92255
92256
92257
92258
92259
92262
92263
92279
92280
92290
923
92339
92410
92438
92474
925
92579
92583
92584
92585
92586
92589
92590
92591
92593
92690
92691
92692
92693c01
92693c01-f1
92693c01-f2
92694
92695
92696
92697
92709
92710
92711
92738
92746
92747
92756
92761
92842
92908
92909
92911
92911c01
92912
92926
92946
92947
92950
93059
93061
93089
93090
93092
93094
93095
931
93140
93160
93216
93223
93231
93247
93248
93249
93250
93251
93252
93273
93274
933
93352
933c01
933c02
935
93541
93549
93550
93551
93552
93553
93555
93563
93564
93587
93589
93590
93591
93593
93594
93595
93598
93604
93606
93609
93612
93613
937
93794
938
9401
942
943
944
947a
947b
948a
948ac01
948ac02
948b
948c
94925
949a
949ac01
949ac02
949b
949c
95049
95050
95051
95052
95053
95054
950a
95108
95109
95188
95195
95195c02
95198
95199
951a
95227
95228
95229
952a
952b
95330
95342
95343
95343c01
95343c02
95344
95348
953a
953b
954
956
95646
95646c01
95648
95650
95652
95654
95656
95658
95673
95674
95676
957
958
95820
95827
95828
95829
95831
95832
962
96479
96480
96481
96482
96483
96484
96485
96486
96488
96489
96490
96491
967
96714
968
96874
969
96904
96905
96906
96907
96910
973
973c00
975
976
97622
977
97781
97782
97783
97784
97785
97787
97790
97791
97793
979
980
98100
98107
98136
98137
98138
98141
98218
98223
98233
98262
98263
98280
98282
98283
98284
98285
98286
98286c01
98287
98288
98302
98367
98368
98369
98370
98371
98372
98374
98375
98382
98384
98385
98388
98393d
98397
984
985
98549
98577
98578
98585
986
987
98722
98726
98729
98834
98835
98989
990
99008
99010
99012
99013
99061
991
99141
99141c01
99143
99145
99146
99147
99148
992
99206
99207
99240
99243
99249
99249c01
99249c02
99249c03
99301
99376
99377
99378
99380
99385
99385c01
99386
99388
99390
99391
99392
99393
99396
99397
99401
99455
99464
99498
99499
995
99534
99535
99535c01
99542
99543
99550
99550c01
99551
99555
996
99617
99617c01
997
99773
99774
99780
99781
99784
99798a
99798b
99799
997c01
997c02
998
99948
99957
99961
Neuer Ordner
contents.txt
movebinnenSh_1
ms1034
ms1038
ms1040
ms1042
ms1044
ms1048
ms1049
u1104
u1125
u1126
u1193
u1454
u151
u1850
u1851
u1852
u1853
u1854
u334
u516
u572p01
u574
u586
u586p01c01
u586p01c02
u586p01c03
u586p01c04
u587
u587p01c01
u587p01c02
u588
u588p01c01
u588p01c02
u588p01c03
u588p01c05
u588p02c01
u589
u589p01c01
u589p01c02
u589p02c01
u589p02c02
u589p02c03
u590
u590p01c01
u590p01c02
u590p02c01
u592
u592p01c01
u592p01c02
u595
u595p01c01
u595p01c02
u595p01c03
u595p01c04
u595p01c09
u595p01c10
u595p02c01
u600
u600p01c01
u600p01c02
u608
u609
u669
u8001a
u8001b
u8001c
u8002a
u8002b
u8002c
u8002d
u8003a
u8003b
u8003c
u8003d
u8003e
u8004a
u8004b
u8004c
u8004d
u8004e
u8005b
u8006b
u8006c
u8007b
u8008b
u8009a
u8009d
u8010
u8011
u8012
u8013
u8014
u8029
u8029c01
u8029c02
u8030
u8031
u8100
u8101
u813a
u8200
u8201
u8202
u8203
u8204
u8205
u9000
u9001
u9002
u9004
u9004c01
u9004c02
u9005
u9005c01
u9006
u9007
u9008
u9009
u9010
u9011
u9012
u9013
u9014
u9015
u9016
u9020
u9021
u9022
u9023
u9024
u9025
u9026
u9028
u9029
u9030
u9031
u9032
u9033
u9034
u9035
u9036
u9037
u9038
u9039
u9040
u9040c01
u9041
u9041c01
u9042
u9043
u9044
u9045
u9047
u9048
u9049
u9050
u9051
u9052
u9053
u9055
u9057
u9058
u9058c01
u9058c02
u9058c03
u9059
u9060
u9061
u9062
u9062c01
u9062c02
u9063
u9064
u9065
u9066
u9067
u9068
u9069
u9070
u9072
u9073
u9074
u9076
u9077
u9081
u9081c01
u9082
u9083
u9084
u9085
u9086
u9087
u9100
u9101
u9102
u9103
u9104
u9105
u9105p01c01
u9105p01c02
u9105p01c04
u9105p01c05
u9105p02c01
u9105p02c02
u9105p03c01
u9105p03c02
u9105p04c01
u9105p04c02
u9106
u9106p01c01
u9106p01c02
u9106p01c03
u9106p02c01
u9106p03c01
u9106p03c02
u9107
u9107p01c01
u9107p01c02
u9108
u9108p01c01
u9108p01c02
u9108p01c03
u9108p02c01
u9108p02c02
u9108p03c01
u9108p03c02
u9109
u9109p01c01
u9109p01c02
u9109p02c01
u9109p02c02
u9110
u9114
u9119
u9130
u9131
u9132
u9132c01
u9132c02
u9133
u9133c01
u9137
u9140
u9140p01c01
u9140p01c02
u9140p01c03
u9140p01c04
u9141
u9141p01c01
u9141p01c02
u9142
u9142p01c01
u9142p01c02
u9142p01c03
u9142p01c04
u9142p01c05
u9142p01c06
u9142p01c07
u9142p01c08
u9142p01c09
u9142p01c10
u9142p01c11
u9142p02c02
u9142p02c04
u9142p03c02
u9142p03c03
u9142p03c04
u9142p04c02
u9143
u9144
u9146
u9147
u9147p01c01
u9147p01c02
u9147p02c01
u9147p03c01
u9148
u9148c01
u9149
u9150
u9150p01c01
u9150p01c02
u9150p02c01
u9150p02c02
u9150p02c04
u9151
u9151p01c01
u9151p01c02
u9151p01c03
u9151p02c03
u9152
u9153
u9153p01c02
u9154
u9155
u9155c01
u9156c01
u9156c02
u9157
u9158
u9159
u9160
u9163
u9165
u9166
u9167
u9170
u9170c01
u9170c02
u9180
u9180c01
u9181
u9182
u9183
u9184
u9185
u9186
u9188
u9190
u9200
u9201
u9202
u9203
u9204
u9204c01
u9204c02
u9205
u9205c01
u9206
u9206c01
u9207
u9208
u9209
u9210
u9210p01c01
u9211
u9211c01
u9212
u9213
u9215
u9218
u9220
u9221
u9222
u9223
u9224
u9225
u9226
u9227
u9230
u9230c01
u9230c02
u9231
u9231c00
u9231c01
u9231c02
u9232
u9232c00
u9232c01
u9232c02
u9233
u9233c00
u9233c01
u9233c02
u9234
u9234c00
u9234c01
u9234c02
u9235
u9236
u9236c01
u9236c02
u9236c03
u9237
u9241
u9242
u9243
u9244
u9260
u9261
u9262
u9263
u9264
u9265
u9266
u9267
u9268
u9269
u9280
u9281
u9282
u9283
u9284
u9285
u9286
u9287
u9288
u9289
u9290
u9291
u9293
u9301
u9310
u9310c01
u9310c02
u9310c03
u9310c04
u9310c05
u9310c06
u9310c07
u9310c08
u9311
u9312
u9313
u9314
u9315
u9316
u9317
u9318
u9320
u9321
u9323
u9325
u9325c01
u9326
u9327
u9327c01
u9328
u9328c01
u9332
u9412

25269